11111111111111111111111111111111111111111111111111111111111111111111111111111111
10000000000000000000000000000000000000000000000000000000000000000000000000000001
10001111111100000000111111111111000000000000111100001111111111110000111100001111
10001111111110011000111111111111100110011000111110001111111111111000111110001111
10000000000110011000000000000001100110011000000110000000000000011000000110000001
10000000000111111000000000000001111110011000111111111111111111111111111110001111
10011001100011111001100110011000111110011000111111111111111111111111111110001111
10011001100000011001100110011000000110011000000000000000000000000000000110000001
10011001111111111001100111111111000110011000111111111111111100000000111111111111
10011000111111111001100011111111100110011000111111111111111110011000111111111111
10011000000000011001100000000001100110011000000000000000000110011000000000000001
10011000111111111111111100000001111111111000111100000000000111111111111100001111
10011000111111111111111110011000111111111000111110011001100011111111111110001111
10011000000000000000000110011000000000011000000110011001100000000000000110000001
10011000111111111111111110011000000011111111111110011111111100000000000111110001
10011000111111111111111110011001100011111111111110001111111110011001100011111001
10011000000000000000000110011001100000000000000110000000000110011001100000011001
10011000000000000000000110011111100011110000111110000000000111111001100011111001
10011001100110011001100110001111100011111000111110011001100011111001100011111001
10011001100110011001100110000001100000011000000110011001100000011001100000011001
10011001111110011111111111110001100011111000000111111111100000011001111111111001
10011000111110001111111111111001100011111001100011111111100110011000111111111001
10011000000110000000000000011001100000011001100000000001100110011000000000011001
10011111000111110000000011111001100000011111111111111111111111111111111100011001
10001111100011111001100011111001100110001111111111111111111111111111111110011001
10000001100000011001100000011001100110000000000000000000000000000000000110011001
10000001100000011001111100011111100110001111111111110000000011111111111110011001
10011001100110011000111110001111100110001111111111111001100011111111111110011001
10011001100110011000000110000001100110000000000000011001100000000000000110011001
11111111111111111111111111111111111111111111111111111111111111111111111111111111
